22
A. Schoenberg Op33 a                                                                                  0.00000000 0.30279704 0.24604144 0.27423002 0.19351998 0.22548006 0.2624327 0.26200345 0.42264184 0.31431603 0.50747114 0.88650858 0.25674227 0.42919299 0.56712464 0.52556053 0.52444858 0.49513419 0.31353889 0.13653808 0.17176353 0.37572273
A. Schoenberg Pierrot lunaire 10                                                                      0.30279704 0.00000000 0.08849733 0.20136115 0.17137932 0.21002214 0.37296178 0.36592665 0.40513815 0.39315725 0.50777871 0.85516331 0.17154181 0.49576211 0.63479635 0.58726497 0.60025216 0.58486437 0.34340613 0.24963286 0.15804524 0.52258357
A. Schoenberg Pierrot lunaire 12                                                                      0.24604144 0.08849733 0.00000000 0.20113767 0.13615192 0.18641133 0.34222612 0.35543306 0.3525412 0.34145022 0.51819505 0.81723509 0.12969342 0.50335539 0.64894626 0.59966084 0.61029123 0.59035724 0.33896387 0.18614919 0.10184683 0.49021615
A. Schoenberg Pierrot lunaire 21                                                                      0.27423002 0.20136115 0.20113767 0.00000000 0.10018719 0.06930917 0.21329405 0.20390635 0.33919742 0.2620869 0.33820592 0.77503851 0.2157751 0.32860876 0.49008628 0.42096542 0.45502828 0.42428968 0.33015757 0.30172321 0.14931985 0.34540571
A. Schoenberg Pierrot lunaire 5                                                                       0.19351998 0.17137932 0.13615192 0.10018719 0.00000000 0.06987016 0.22191554 0.22723234 0.33145713 0.24830538 0.39951265 0.79259301 0.17031742 0.37815907 0.52900397 0.47690879 0.48886582 0.46337409 0.32645584 0.21090789 0.06478171 0.36920131
A. Schoenberg Pierrot lunaire 8                                                                       0.22548006 0.21002214 0.18641133 0.06930917 0.06987016 0.00000000 0.21298811 0.19733313 0.33911317 0.25046154 0.37117639 0.78974963 0.21806924 0.33569447 0.50065312 0.43062673 0.46423153 0.42964736 0.32268682 0.26816165 0.12146362 0.31772449
B. Evans Turnout                                                                                      0.2624327 0.37296178 0.34222612 0.21329405 0.22191554 0.21298811 0.00000000 0.15824726 0.3335572 0.17272858 0.30611637 0.73151386 0.295022 0.30514144 0.45207575 0.39649803 0.40744532 0.36939097 0.37587909 0.32918963 0.2466357 0.26704398
C. Corea Eternal Child                                                                                0.26200345 0.36592665 0.35543306 0.20390635 0.22723234 0.19733313 0.15824726 0.00000000 0.45682924 0.2973499 0.28555937 0.86769229 0.35417642 0.17925971 0.34624483 0.27698474 0.30964639 0.26258367 0.35101906 0.35931616 0.26803833 0.23217708
C. Debussy Epigraphes antiques 2                                                                      0.42264184 0.40513815 0.3525412 0.33919742 0.33145713 0.33911317 0.3335572 0.45682924 0.00000000 0.22010415 0.52660016 0.47721749 0.28342446 0.59442839 0.74859232 0.6807567 0.70522027 0.67150209 0.50000228 0.39849468 0.32248944 0.47857718
C. Debussy L_isle_joyeuse                                                                             0.31431603 0.39315725 0.34145022 0.2620869 0.24830538 0.25046154 0.17272858 0.2973499 0.22010415 0.00000000 0.36776584 0.61075809 0.30122498 0.42691835 0.55891044 0.51698431 0.51138392 0.4831138 0.4819603 0.34888867 0.26820813 0.33964828
C. Debussy Preludes_1_1                                                                               0.50747114 0.50777871 0.51819505 0.33820592 0.39951265 0.37117639 0.30611637 0.28555937 0.52660016 0.36776584 0.00000000 0.81603494 0.51261335 0.23479062 0.28091037 0.28025416 0.25090578 0.24863137 0.59374733 0.5730437 0.4559582 0.38977142
C. Debussy Preludes_1_2                                                                               0.88650858 0.85516331 0.81723509 0.77503851 0.79259301 0.78974963 0.73151386 0.86769229 0.47721749 0.61075809 0.81603494 0.00000000 0.74339141 0.95708781 1.07916453 1.01847214 1.04038706 1.01137295 0.93767478 0.86519944 0.79405248 0.83403789
C. Debussy Preludes_1_3                                                                               0.25674227 0.17154181 0.12969342 0.2157751 0.17031742 0.21806924 0.295022 0.35417642 0.28342446 0.30122498 0.51261335 0.74339141 0.00000000 0.51669732 0.66886985 0.61302339 0.62738153 0.60289473 0.30807701 0.18498913 0.12213556 0.48405921
J.-S. Bach BWV 1041                                                                                   0.42919299 0.49576211 0.50335539 0.32860876 0.37815907 0.33569447 0.30514144 0.17925971 0.59442839 0.42691835 0.23479062 0.95708781 0.51669732 0.00000000 0.2014379 0.1023218 0.1858244 0.11743198 0.48372622 0.53056108 0.42983891 0.27400582
J.-S. Bach BWV 253                                                                                    0.56712464 0.63479635 0.64894626 0.49008628 0.52900397 0.50065312 0.45207575 0.34624483 0.74859232 0.55891044 0.28091037 1.07916453 0.66886985 0.2014379 0.00000000 0.18061107 0.05543237 0.10356512 0.659152 0.66516849 0.5823496 0.44451844
J.-S. Bach BWV 257                                                                                    0.52556053 0.58726497 0.59966084 0.42096542 0.47690879 0.43062673 0.39649803 0.27698474 0.6807567 0.51698431 0.28025416 1.01847214 0.61302339 0.1023218 0.18061107 0.00000000 0.19262841 0.11954206 0.55434265 0.62980634 0.52851406 0.32447036
J.-S. Bach BWV 325                                                                                    0.52444858 0.60025216 0.61029123 0.45502828 0.48886582 0.46423153 0.40744532 0.30964639 0.70522027 0.51138392 0.25090578 1.04038706 0.62738153 0.1858244 0.05543237 0.19262841 0.00000000 0.08935672 0.63330629 0.62107181 0.54150127 0.4196288
J.-S. Bach BWV 329                                                                                    0.49513419 0.58486437 0.59035724 0.42428968 0.46337409 0.42964736 0.36939097 0.26258367 0.67150209 0.4831138 0.24863137 1.01137295 0.60289473 0.11743198 0.10356512 0.11954206 0.08935672 0.00000000 0.58280592 0.6006169 0.51511451 0.34302888
O. Messiaen Vingt regards 3                                                                           0.31353889 0.34340613 0.33896387 0.33015757 0.32645584 0.32268682 0.37587909 0.35101906 0.50000228 0.4819603 0.59374733 0.93767478 0.30807701 0.48372622 0.659152 0.55434265 0.63330629 0.58280592 0.00000000 0.32807519 0.29933463 0.44036591
O. Messiaen Vingt regards 4                                                                           0.13653808 0.24963286 0.18614919 0.30172321 0.21090789 0.26816165 0.32918963 0.35931616 0.39849468 0.34888867 0.5730437 0.86519944 0.18498913 0.53056108 0.66516849 0.62980634 0.62107181 0.6006169 0.32807519 0.00000000 0.15768009 0.48924172
random 3-chords                                                                                       0.17176353 0.15804524 0.10184683 0.14931985 0.06478171 0.12146362 0.2466357 0.26803833 0.32248944 0.26820813 0.4559582 0.79405248 0.12213556 0.42983891 0.5823496 0.52851406 0.54150127 0.51511451 0.29933463 0.15768009 0.00000000 0.40221263
T. Monk Brilliant Corners                                                                             0.37572273 0.52258357 0.49021615 0.34540571 0.36920131 0.31772449 0.26704398 0.23217708 0.47857718 0.33964828 0.38977142 0.83403789 0.48405921 0.27400582 0.44451844 0.32447036 0.4196288 0.34302888 0.44036591 0.48924172 0.40221263 0.00000000
